002795
300074
600353
002520
002534
002666
732416
600213
732444
002248
600833
600366
603058
000061
300298
601216
000973
002775
600850
300451
600808
000156
300484
000428
002373
600716
603000
000976
002452
002378
002418
300581
000520
000582
002315
000736
600029
603035
300359
600242
002747
600275
600419
603128
002229
000897
600838
002382
002512
000880
300348
002708
000789
603787
002299
780858
600131
002139
000564
300213
000909
601952
300038
603729
300399
603108
603100
300306
000605
002352
002438
300387
002453
002772
600089
603006
603898
600624
300142
732179
300470
002748
002663
600102
002332
600698
601206
000404
000831
002862
300141
002430
000601
002115
300262
000995
601020
000663
002083
002812
600297
002701
300327
002254
000881
002835
000039
600764
603012
603903
000929
300339
300638
000938
300003
603908
603578
300354
601933
000612
603501
300604
000652
002441
300323
002698
601111
603633
002025
300438
600550
600557
002678
002463
000421
002449
603589
600423
002405
603663
000635
300338
601900
300247
002392
000713
600568
000958
600532
732637
600498
002843
600710
002676
603987
300149
002287
000565
000959
300421
300535
300034
002154
600578
600801
603868
002820
600682
002487
600395
601099
600037
002266
300435
603099
002455
603377
600823
002615
300010
002271
600622
000748
600520
600398
600726
603179
600346
002490
002153
300086
002403
002491
600895
002545
002067
000766
002331
780212
002350
603022
600400
600110
002251
600458
300268
732298
300243
300586
002494
300396
601163
002265
300241
600681
600098
300532
002851
600721
000816
300220
603738
002304
603888
600990
300308
002091
600813
600819
300472
002539
600106
002056
603019
300322
300146
732615
000989
603168
300106
000983
002633
002284
600649
732638
300257
000096
603011
600095
600669
000759
002673
000790
600769
300411
603416
002061
601965
002364
300084
002543
600519
002604
300088
002263
002561
601588
601137
002201
002180
000721
600010
600657
300648
002108
600508
732960
600408
600826
600959
002806
600637
002276
000545
732058
600190
603803
600978
000723
300422
002642
600055
000547
600999
732036
002691
732728
732229
603088
000633
300613
600617
000155
600753
000903
600563
000403
600525
600652
600616
600688
002546
300258
000656
002436
600497
600589
300192
600113
603900
600561
000820
300553
600345
600882
601333
000833
603041
002516
002330
002733
002706
300605
600231
600798
603833
603718
600848
600416
600890
603878
300057
002585
300178
600387
601188
732990
603017
300592
600287
603225
603508
300079
300083
000673
600185
600358
300279
002277
300545
603737
300461
002029
002428
603197
300416
300001
300022
603887
300163
600665
300383
002198
300473
002134
002465
600405
000666
000412
600740
002700
000693
002718
002638
601966
603993
002337
000627
300520
600100
000408
002587
002192
002316
603178
002501
600382
300510
600880
300283
600268
601567
600811
600635
600627
000548
601377
002152
002583
600072
600655
600248
000717
000055
300479
002846
002677
732833
002774
000585
732336
300500
603843
300282
600393
300615
601369
000031
600088
000733
002079
002489
000410
002144
300346
000979
000657
300335
300623
000537
603728
600273
000806
600784
600298
002785
600603
300167
300499
002295
300353
600697
002855
600157
002335
601166
603223
300108
603090
600495
300362
600582
300160
300641
300200
000690
002779
600684
000905
300043
002608
002860
603398
600219
002451
300072
000980
300375
002123
603701
300049
002419
002187
000658
732727
600090
600531
600107
600057
000406
600372
300118
002727
600225
600797
000333
600079
002506
002262
603678
002009
300488
002447
300067
600058
600583
002568
300124
600829
600779
600201
300458
600626
300045
603960
002300
002467
002800
600821
600855
600143
300526
600228
732906
000901
601777
600028
603007
002670
603727
600153
000787
002649
600234
002387
000988
603139
600651
002696
000731
002669
000836
002239
600601
732787
600796
300012
732385
300040
002214
601113
002165
002238
002629
000659
600658
002147
002402
002212
600722
002454
600086
002142
002114
300266
000023
300410
600310
300325
002492
000498
300368
000817
603798
002626
002450
000793
300006
603988
300101
603603
300437
600470
300611
603116
600757
300035
000037
600708
300098
002444
300344
002808
600137
600269
600383
000702
000630
603311
000623
300650
000993
002528
002121
300248
603839
600101
002171
002694
000576
000683
600898
603015
300063
601168
600150
600033
002439
002181
600016
002318
603337
603358
300069
600845
603696
601600
300536
002853
300340
000524
600284
002174
600270
300011
600694
603636
000007
000708
002157
300538
002193
002552
002237
732708
002175
300588
300582
600746
300076
600439
002868
603688
600288
600389
300032
603199
603018
603037
300205
603577
002404
002156
601599
002080
300180
601006
300569
600860
000931
603098
002798
002758
600743
603118
600302
000013
002120
000555
603218
002377
300374
002415
000558
600123
000568
601579
603318
732926
002076
300450
300583
300380
603021
000691
000878
300121
002241
300150
600700
000003
000956
603776
002307
600704
002721
600312
600146
600022
300104
600648
300371
300428
601999
000692
600917
732928
603009
601515
603338
000607
732086
300395
600463
000014
600467
603799
600973
002863
002366
300315
601918
000407
603628
000505
002684
300367
300171
603823
000078
002536
002185
603816
600889
002360
002211
732383
300305
600230
600788
300173
300294
002343
600979
002189
000715
000675
600212
002565
000059
603515
002866
000655
002564
600363
002466
002074
002334
600286
600403
002161
300408
002550
600731
600308
600068
002729
000070
601336
000066
600672
300647
000830
603708
600518
600267
002685
732358
002580
002226
603599
601288
600548
000813
732668
002406
603811
002274
002499
300657
300303
300014
300567
000619
600897
000848
002572
600555
600958
300224
002712
002826
002792
300170
002023
002471
601231
002464
002150
000591
000597
300128
601989
300267
603858
300195
002741
002111
300216
601179
000667
600035
601010
000711
300186
603189
603656
000809
300602
002002
732113
300333
603023
603520
002292
732037
000682
600810
603169
600293
300017
000978
600900
002609
600290
603869
000620
002734
600856
300573
300184
600303
002008
002803
600104
002711
600719
300154
300518
600705
002493
600967
732078
002016
300554
600734
600834
600130
002113
300377
600378
002692
600170
600085
002013
600577
732138
000019
000402
300585
002517
732388
603885
000035
002584
300002
732578
300253
002522
000876
300439
300360
000566
002636
002569
603505
300151
300042
002856
600193
300608
300370
000889
000953
000584
002372
002850
000861
601328
002527
000937
601700
600338
600778
600155
300515
600971
603085
600879
600727
002163
300342
300015
002128
603886
600475
002485
000823
002252
600410
732717
000760
300462
300477
603111
002353
603232
600099
002709
002815
002159
000930
600186
300376
600126
000621
600278
002655
000999
732858
600260
732319
600858
600654
600015
603822
603303
601388
300026
002062
002650
002693
002592
002095
000422
002035
300578
601368
600714
600373
300214
600692
300041
600486
600223
002865
002728
000158
000513
600221
002523
300589
603165
002612
002457
300483
600328
300263
300409
732081
603421
002097
600093
600198
300029
600211
000563
600630
600730
732680
732040
300633
002755
002553
600696
300324
600070
603817
600455
600480
000802
002783
600507
732626
603328
002751
002413
000776
600851
600560
000613
000689
000699
300642
000821
000034
002581
002073
600527
002186
600205
600745
002339
600011
601003
300221
300632
600526
300046
600350
002425
000047
300238
300310
300378
732303
600853
300175
000852
600983
600063
002652
000832
000967
600108
732320
002838
603558
601009
002155
600422
600332
300413
600768
732203
000839
603586
603928
300231
603323
000550
002101
000777
300318
600744
002713
002259
600340
002063
000868
000150
732758
002653
002819
600728
300166
600747
600680
732819
000426
600963
002087
300047
002519
603429
300590
000895
603298
002761
732665
002341
300505
603040
300625
601339
603955
600172
300259
600595
000669
601857
002618
601818
603039
000048
000801
600926
600586
300319
300230
000519
300131
002243
600008
000908
002019
600425
603089
000812
600512
600539
002619
000899
002037
000525
000729
300617
002338
300502
300239
002411
000560
603698
002858
601118
000716
603036
002825
300272
600712
002217
600109
780375
603456
000596
300467
002158
002481
300059
732776
600733
600307
300486
300286
300219
300242
600087
601001
002253
300521
002702
000166
600491
300245
300099
002797
600178
732811
002218
600054
000569
002601
000765
000543
600083
002435
000420
603177
600121
002249
601101
002680
000685
732886
300643
002811
601789
002745
300068
300491
002288
732900
002599
002281
002871
601198
000755
600816
002216
603203
002765
000686
300478
002857
600265
601366
600883
600220
002668
600075
002261
002665
300053
002448
300089
300222
600076
002313
000017
601106
002170
600300
300357
600202
300193
002269
002359
300198
000651
002412
300609
000913
000578
000590
300579
002842
002537
002533
002138
600750
002070
601677
002176
300254
601313
600887
002112
601258
300172
601801
601566
000553
002786
600053
601007
300570
300580
002166
002363
300436
732032
002028
603881
002672
000752
603016
600653
603369
601311
601628
000562
601225
603990
000009
000415
600765
601222
600114
601939
600536
002365
603333
000544
000910
002660
002515
000159
600368
000011
732955
002110
600291
002737
002205
002616
002349
300517
603939
300235
002014
300595
603060
002204
601021
300441
000688
600271
002001
600479
601018
002068
600359
600333
002674
600177
603778
000004
600572
600026
000660
002574
603819
000827
300631
000400
600316
601127
600610
300065
603320
600349
002511
601636
000599
000559
300645
000753
002724
002384
732977
732165
601098
300071
000069
600052
000594
300596
300094
300290
603001
300140
300358
300309
600780
000157
002289
002681
002278
600793
600472
000561
600127
600759
601607
002233
300250
002421
300281
600703
601608
603668
300627
600165
002632
600181
603101
002322
000925
300174
600120
300215
600477
300427
600783
002124
600805
002336
300119
002556
603003
002225
002686
603186
002090
600462
732096
300005
002240
300291
002589
002605
600867
600666
000419
600641
002498
300115
002530
600149
600628
600980
002809
600285
600988
600511
300287
002234
300482
600320
300449
600828
002125
600158
300460
002832
600896
002688
732987
002393
002038
000671
000805
600145
002644
002548
603033
603086
002801
000570
600357
601126
780229
300129
732060
002312
300356
002484
002707
000416
600182
600592
600982
000430
002532
002190
600352
600501
300619
300217
000695
002044
600702
600742
002514
300182
603258
000926
002828
002816
002220
000517
600112
002610
002689
300618
603929
600766
600605
603896
002542
300127
002024
732677
002323
603909
002051
000922
300209
600782
601139
603028
600831
000882
600169
601919
780952
601880
300471
732177
300313
600861
601718
000737
300418
002630
002196
002119
300278
000900
603859
600840
000060
300434
002710
002164
601668
600128
732586
300507
603569
002342
300251
600369
600516
603918
600235
000888
732823
600619
600499
603669
600020
603606
603598
300064
000915
002460
000050
000797
732633
002089
600996
600670
600787
600362
002577
300593
600399
600993
002480
600252
002348
300090
600139
600280
000012
300519
600607
603308
603266
600243
000032
300197
603703
300558
600827
601699
600059
603726
603883
300494
002720
600755
000863
600770
300621
300113
300364
600199
600894
000025
600433
300541
002627
002726
002575
732041
000610
000911
002015
601088
600604
300136
730996
000549
600678
603611
732033
603665
002529
600132
000923
000822
300110
000338
603069
603788
600820
603855
000521
000401
002149
002371
002422
603113
300530
600588
002559
603985
002309
603078
002018
002096
300440
002682
002010
002690
002376
300549
000002
600537
002021
000676
732186
603716
600077
300332
300139
002722
600543
600356
600138
000719
300189
000638
600233
002094
300407
600736
732239
002184
300157
603601
002831
002446
600510
601012
300091
600981
002776
732639
600737
000800
300466
002244
600790
601398
000592
601888
600506
300122
600620
600360
601268
603991
300497
603600
002286
300361
300168
603322
300639
300620
002611
600322
600122
601069
002077
603638
002374
000725
600476
002562
002034
002027
300447
300039
002695
600215
603339
300572
002283
002810
600084
600196
300542
002613
600877
300261
000780
600259
601169
000030
002362
300429
000811
600551
732323
600852
300498
600609
002600
300232
600505
002703
000783
600232
600773
732855
300007
600876
603919
600751
002621
000918
002560
600348
300130
732767
600073
000043
300271
600116
002829
300126
002046
600191
600444
300560
002551
002407
300023
600429
603588
600436
000850
603360
780881
002458
600197
300559
000632
603959
601633
603050
002177
600881
600545
600136
600305
600117
002635
600707
300459
600873
603677
600375
600761
000917
732579
002646
300120
000856
300125
600385
300628
300402
600686
601601
600647
002058
002081
300626
002395
300431
600188
000603
600597
002505
002780
002742
600162
600282
600017
732628
732656
600299
600528
600878
002818
732501
300414
601799
300075
002168
300603
600975
600777
601158
601901
300390
300516
000598
002807
600870
300506
600066
000504
000985
600065
002445
000810
600573
600611
600485
000735
300417
000670
600645
002661
002131
300143
002140
000609
002651
000413
300148
002314
300556
002497
600774
603996
000796
600513
002837
600667
600133
300145
300557
600253
000653
002344
002555
601991
002859
732208
600713
002047
600118
002474
601958
002401
600027
600183
002417
600899
600976
000629
000626
002634
600992
600171
300158
002069
000636
600662
600576
600587
300176
000600
603969
300636
000698
600888
000026
000516
600173
600661
300260
002833
600036
300525
300328
000411
000532
002007
300044
000769
002256
300246
002242
603077
300302
601929
000616
600871
600866
600517
600276
000100
002598
002127
300330
300304
002045
002049
600160
000935
002769
600664
300616
000961
300087
000768
600184
002227
600965
732035
000919
600249
002617
000898
000712
000826
000862
300077
002408
002085
600884
002109
002319
600814
000581
002267
002645
732178
002386
300653
601969
600961
000906
600281
000536
600380
600376
300218
000912
300382
603608
002285
300211
001979
601928
002586
300317
000866
300329
000049
600166
603616
002432
002388
002841
002596
300025
000587
002183
000617
002004
601519
300584
600997
600056
600718
000726
002223
300111
002273
600612
600078
300307
000727
600386
600426
600998
002732
000885
002133
300100
000851
300147
002662
002012
002799
300565
002320
300392
600296
600266
002509
002208
300085
600720
000739
002302
002459
300552
601002
600767
603680
002827
000795
600615
603567
601116
000631
002040
002822
300133
000008
603717
600396
600659
600558
300102
000960
000628
300456
002055
600239
600379
603393
601015
000038
600594
300528
600071
000526
000572
600200
603399
000751
601038
300295
732360
600263
002716
002162
002429
600365
600039
000705
000722
002057
002643
000792
300155
601375
600493
002416
300343
732839
002462
300301
601688
600279
002738
002787
300512
600599
600885
002440
002849
603977
002472
000829
603658
000965
000991
002066
780228
600613
732139
600240
000858
000058
300207
600397
300008
000975
002092
600005
000887
002725
600991
603936
300227
001696
000963
300055
600371
002442
600842
732689
603313
300117
732881
603383
002715
000509
002305
600456
300169
002433
002290
000417
603138
002423
732238
300509
300223
000886
732330
002137
000672
300347
000551
603899
000678
000028
603166
002821
600272
300037
601669
300527
603958
600283
600481
300555
600690
002126
002482
002291
603159
300273
300561
000018
600246
002431
600729
000701
600469
300415
601318
600771
600962
600094
600111
732908
600986
002847
600222
300373
000595
002743
002003
000778
600818
000785
300612
002122
300446
300240
600529
600865
002354
600789
300389
000835
600048
002578
000090
002303
601616
002778
603826
000589
000523
300066
300514
732389
600738
300031
002272
300606
300349
600691
000982
002475
002048
002306
002396
002687
732098
002301
300341
603222
300369
002346
002717
603027
600180
000679
002282
603989
300424
600812
002357
300203
002203
600007
002367
002268
300233
603488
300183
732228
600675
002409
300476
603081
600693
000786
002328
300048
300635
000971
300366
002308
002502
732269
300252
300109
000815
780366
000503
002033
002325
000916
603690
300398
002333
002824
600891
300397
002777
600864
002503
600418
002017
601666
002103
601788
300062
600335
000969
600754
002771
300430
300321
002022
000883
600082
603180
600843
002679
600237
600908
300249
603667
000707
732966
300269
000661
000957
000950
002782
300485
600800
300334
000425
000488
600080
002260
300562
300540
000687
300649
300575
600735
603579
600893
600671
300164
300073
002088
002590
600521
002817
600168
600210
601500
603615
002410
300546
600208
601808
300199
600689
002521
600381
000535
000738
000697
300405
603299
603345
002031
000622
600803
002032
600446
603686
300196
300568
002258
000567
002345
002107
600752
002194
002294
600092
002768
002437
600581
600258
000089
000803
603699
000027
601011
000522
601992
002231
002705
002188
600566
000006
000099
300181
603556
601155
603566
002576
300326
732903
002146
002298
002182
000928
002699
000571
600167
000593
002594
600556
002486
002167
600478
000996
002060
600487
600960
002099
002796
002513
300508
002671
002563
002399
600639
000020
300314
300404
600009
300297
002050
600875
600141
300024
000893
002504
002719
000068
002767
002215
300082
000650
300493
603117
300033
002508
300264
600064
300052
002872
600062
603968
002840
600377
603639
600614
002566
300275
300226
600732
000606
002130
300092
732630
300534
601238
600500
002557
300312
000301
000902
002414
603133
300597
002791
002191
000611
600644
600970
002622
002297
603797
600337
300159
300474
600791
600874
600161
002200
000506
600575
600001
002714
603660
002368
300229
600336
300443
603517
600749
000720
002043
000063
002279
002213
601886
002400
600593
000625
300425
002790
603227
603026
300194
002667
600579
000514
601968
002602
300116
600706
002525
603126
000877
300185
300469
600503
300652
600830
300423
603010
600683
300350
603818
300432
002591
000602
603808
600775
600794
600562
603268
600438
600549
600218
000510
600515
002042
002603
300522
603239
002011
600832
000939
002054
600569
600825
002086
002434
002005
002264
600295
600869
000546
600841
300591
002759
000990
000921
002427
002823
002723
000508
300445
600638
600459
732660
000088
300394
000948
600148
600289
732878
300138
732585
002861
002210
300455
000761
600553
600325
002654
300539
300030
600837
000962
300533
300622
002648
002100
300210
002151
603167
600854
300095
002740
002324
600839
600804
000588
603008
603538
603002
600756
000997
300078
600585
603866
600724
600207
300132
600849
603966
600238
601218
002169
603444
600449
300495
600189
600227
600533
601678
002869
000065
603306
300028
300433
000056
002597
002507
600939
002179
002102
002647
603315
601100
300566
600159
000534
300563
000718
002781
730939
002659
601000
000024
000539
000615
600461
600339
000927
600432
601228
002041
600687
601028
002394
002477
300543
600674
000728
300487
002219
002567
002383
300234
600315
300051
600859
002078
603519
600802
601877
002275
002697
002839
002311
600262
000825
000022
600490
000528
600192
000892
600685
600031
002538
002195
600806
000987
002830
002443
600370
000542
600590
601299
000703
300020
300598
002461
300640
732488
732817
002329
000583
600857
600892
600633
600002
002614
601016
603123
600361
000036
732768
002763
300576
732603
300021
732180
600872
002230
300228
300577
002571
600608
002296
300112
300406
600522
603038
002030
600250
732690
002526
603030
000552
600420
600195
000758
300496
600650
600847
002788
300426
300212
300372
002129
000409
002540
600091
300531
002246
000405
002770
000762
603198
600723
732050
600061
600886
002606
300107
000767
601199
300201
000554
603585
732826
000732
300187
300391
002245
600226
300191
603288
300501
600401
000557
000936
000021
300276
300551
300050
000782
600863
600673
600717
603630
600799
002867
600969
002207
002172
603889
300237
600460
002379
300480
601985
601107
002664
600623
300135
600327
300137
601005
002658
002623
002052
300351
603838
603160
600538
002232
300468
600824
732218
600559
603789
600074
002317
000515
300610
000970
600679
002135
600103
600323
002852
002750
603779
300629
300292
000527
732896
002250
600523
603269
300599
002173
603355
600489
600306
000875
600367
732538
002488
300403
603005
300070
600792
600354
300204
603767
300511
600261
002683
002398
730909
002141
000556
300481
601229
732429
300386
002310
732797
600995
300009
600646
603828
002478
002381
732985
600699
000153
000538
300320
603626
002178
300152
300299
600217
000639
000838
002385
002082
603228
000981
300056
300225
000709
000860
600247
002106
600909
000837
603800
600656
600483
002235
002625
002836
600868
002361
600466
002347
300571
732038
300134
732803
002104
002570
300004
002579
300016
600580
600540
300365
600571
603029
000507
300453
600795
732920
300190
000968
000518
000062
603368
300550
002084
300165
002731
002375
000859
002470
600640
300288
300103
002631
600038
002735
603025
600785
300208
300018
600311
002870
600815
600163
300503
002496
600351
601798
002098
600391
300412
300384
600642
000665
603067
601518
601899
732577
600634
601866
000586
002197
601555
732089
002640
002143
000949
002756
300013
300401
000951
000533
002145
600081
002065
603066
002730
603096
300123
002222
600598
732991
002340
300153
002370
603777
600711
300336
600496
300105
603906
002255
600151
002469
603689
002535
002593
002270
002420
000955
000530
600836
600317
002757
600966
601997
600565
603336
300019
300054
002039
002848
600388
600546
300061
600006
600977
603528
600709
002390
600060
600152
002468
000418
600570
002573
600758
002510
600129
000046
600021
000016
600409
600255
603131
600844
002397
002148
600547
601595
600203
600984
000952
002845
600428
000819
300492
732877
603188
002624
000798
002500
002206
000710
300420
603926
300274
603568
002426
300385
000788
600606
600004
002476
002749
600251
600591
600067
600600
732225
600985
002739
002036
603758
732197
002752
000680
000791
600468
002607
601890
300475
600535
732556
000972
002628
002369
002221
002257
002456
600331
002380
600987
600748
600502
000573
002595
601208
300179
000932
002199
300114
600023
600809
002544
002321
603901
600236
001896
300400
000662
000799
300464
603609
000757
732345
601766
600406
600862
000637
603998
600309
002549
600318
732133
000151
603229
300489
300188
002473
603309
601800
600392
601611
002736
002132
002136
002105
000501
002813
601212
300457
300393
002620
600390
000966
002541
600488
600817
603366
600762
600097
601177
000933
002424
002293
002209
600329
601811
601390
300156
000869
000818
600176
600695
002531
603979
600156
600715
601908
601858
002637
600105
600415
600763
603020
002753
732337
002351
000677
300637
600030
002389
300277
002356
002524
300442
000618
600552
603330
600632
603768
603319
600822
300284
600292
300388
600668
002053
600343
000511
000429
300355
300529
600602
601211
600277
000540
601008
600216
300270
300537
000010
601117
600701
601988
603032
002495
601996
600482
300600
300097
732039
600229
603766
300345
600629
600319
300202
603385
600313
600115
300096
000029
603877
300547
603389
300285
300587
002483
600643
732517
300444
600321
300311
300607
300244
600530
002518
601558
600135
600509
002224
600018
300236
601689
600257
603997
000015
002160
600618
600741
000828
603920
300177
600050
002675
600786
002391
002358
002327
300081
732232
300655
300206
600069
300465
000756
600625
600452
002020
600175
002789
300651
300265
300161
300630
000763
603986
600179
600096
603999
000040
300337
600125
603861
300036
300093
732505
000668
002762
000977
603518
000998
600636
600301
600781
002247
300255
002554
601881
002657
600772
600326
600596
002760
000920
732929
603618
000730
002059
000681
600739
300513
000033
300080
600187
601717
300419
300256
002479
600846
600663
600919
600676
600631
002326
600435
300381
600051
002547
300363
601872
600936
603806
603559
603238
002639
603388
000750
002641
600760
002072
002773
002802
603637
601058
002280
300300
000502
002202
300296
732559
002656
002006
000608
600209
002582
732266
603208
000531
000045
600206
002093
300027
601882
002558
000529
002075
600330
600355
002026
601998
600835
601128
300144
300352
300548
002064
601898
600776
300058
000700
600003
300523
300601
002071
600448
600421
600660
000541
002588
300289
002793
300490
600677
002116
300379
300452
000005
002746
601186
601618
603300
000042
600119
300162
603031
002228
600019
000423
600012
300280
300448
002236
000890
600241
601727
002805
002118
300316
002766
000779
002117
600256
300331
300463
603555
600621
002355
300293
600807
600725
601226
600584
000807
601233
603158
600567
